7.540808373681143761e-01
1.197103977581467360e-01
7.884861972175907230e-01
2.666180295188078642e-01
5.941018377867302025e-01
2.823535819435092353e-01
9.059055652390801683e-01
1.533263849560091430e-01
5.280117719846860735e-01
7.314436056442048528e-01
2.481897144546135747e-01
9.319759394881611536e-01
1.486276296416289000e-02
6.961459419528170933e-01
1.789533329472621226e-01
8.557174192868561846e-01
2.098924804758043328e-01
6.539935943312233935e-01
7.800707997582599917e-01
3.939928031848569656e-01
6.115102996725144680e-01
9.592625132192943438e-01
2.658638539384262645e-01
2.697998134829502348e-01
9.632799907966471675e-02
4.108958650404314072e-01
6.371884453226781542e-01
4.150637687679559207e-02
3.267260680489892932e-01
1.505032793800020752e-02
2.582528363824714290e-01
4.500635817911592396e-01
5.602196042886750105e-01
1.915715055412925416e-02
6.373497076707620446e-01
4.066241459566571903e-01
2.769846652836066569e-01
4.721112739746289311e-01
4.725452418222269024e-01
7.021878061009707572e-01
3.951369054091657951e-03
6.348571504583117031e-01
9.351157990473224491e-02
2.619493922447548861e-01
9.112332020455108372e-01
5.024719397968384627e-01
7.741809625874751521e-02
3.577370149850283010e-01
3.659574059346175634e-01
3.259801938651336606e-01
8.101737111623470433e-01
1.711042498850953164e-01
7.952389190887856341e-01
1.101832805005509286e-02
9.322959935686337962e-01
1.300946145043860858e-01
7.766571334328163934e-01
3.313743761657641507e-01
4.280040674103368081e-01
9.648437518172982008e-01
2.461810854931016923e-01
8.713269429178018832e-01
6.058487320905112661e-01
1.647661639893710506e-01
5.404168131826271315e-01
2.697767701729920642e-01
2.178471828918986386e-01
7.442830549316055144e-01
8.974521438021687558e-02
5.150970356989877930e-01
8.983121730199625787e-01
1.801819003877339620e-01
7.188203578940716154e-01
4.696854494868432095e-01
1.649112040265162671e-01
2.317094885491797207e-01
4.762398697061697161e-01
5.156193045609136494e-01
6.650414937370501267e-01
8.149569646918610744e-01
1.025319330402052476e-02
7.338665684447482906e-01
3.984825664509613619e-01
3.475736421952491106e-01
2.812290148004316093e-01
2.533177514092094240e-01
7.773824902448526197e-01
8.245396387487260448e-01
8.402015148641474029e-01
6.376871709077981398e-01
7.411327852336132560e-01
6.861687678630041809e-01
5.421548943278773347e-01
8.789126592077562972e-01
1.542389307233001938e-01
7.603047112606023950e-01
5.993230722951038425e-01
1.674148465856648560e-01
3.654800398391262473e-01
7.577608519792048414e-01
7.942985932046827680e-01
1.312694079383061041e-01
4.749633493355532865e-01
5.751117555501028544e-01
1.047620384839295093e-01
4.254787112810322069e-01
3.485213945196334873e-01
2.077024718043056772e-01
6.918742076703984223e-01
7.541943898302726490e-01
3.427396847702163241e-01
3.705748703106030995e-01
1.879512132923233381e-01
1.111156087857950725e-01
9.769057530719524873e-01
3.373860219532428539e-01
6.343053067209669660e-01
3.695592877717006619e-01
1.552945723425329660e-01
9.016670741088631535e-01
8.382571345388861728e-01
1.024612108065491300e-01
4.902912230139956362e-01
9.602815718667978562e-02
6.560961493617081253e-01
7.047215061260504454e-01
5.701787014104842122e-03
7.483292574380784323e-01
9.746278499854210686e-01
1.040660111379045905e-01
5.090905045728140177e-01
5.987912047378276537e-01
3.370169766801178746e-01
5.978642211766460601e-02
4.310718359427548885e-01
4.774545652425992159e-01
4.671698738478964330e-01
8.385677890169540571e-01
1.612076658746267599e-01
8.316008193595518794e-01
7.392587421158189898e-01
2.237975450826199530e-01
3.237066913602671958e-01
8.971559894894339804e-01
5.577654994208577355e-01
4.928444507634275329e-01
9.506997070359624047e-01
2.780402125574386041e-01
4.349773344473800707e-01
7.751125973509711553e-01
5.232650253827672016e-01
9.352307520723235346e-02
5.413368072274338250e-02
1.831556462220295112e-01
7.517970059279688311e-01
6.024139366237167836e-01
7.278759092449099688e-01
6.891426370817332892e-02
9.548090547319444399e-01
1.173492420713840856e-01
2.742763018639940986e-01
9.411322208478692941e-01
5.230440961504823072e-01
7.292685999435577493e-02
7.142129984592415770e-02
4.458253919037282742e-01
7.768798911553956854e-01
1.207376570652283210e-01
6.953462788838057351e-01
3.575214781576574463e-01
8.377700011440963879e-01
3.210375459936987141e-02
7.539935969721013320e-01
2.390430961247467234e-01
8.769111904976535365e-01
5.046195214656988837e-01
9.416646799255790068e-01
8.064518260857730381e-01
6.757957151904111504e-01
2.914320578078606339e-01
8.454741836864441140e-01
1.566370363073265048e-01
6.210372265684674931e-01
3.275523737776988575e-01
6.696201204766324411e-01
4.488736595694742260e-02
1.386837410056382947e-01
6.422482804130780210e-01
9.225363305588050178e-01
9.690992602721149041e-02
7.004254881357252494e-01
3.896553472198527324e-03
6.053033778683887256e-01
5.718670339847290451e-01
8.715272635904925957e-01
4.713140139362638203e-01
2.128586567342211078e-01
9.666799106779693229e-01
9.170315399588588878e-01
5.038148915649802717e-01
1.464946904877491018e-01
1.058467557071083309e-01
8.422838020043839080e-01
8.705329066737685917e-01
8.792988139988131557e-01
3.333435201704101347e-01
4.611316082058509735e-01
4.721920491017205235e-01
2.821087618942730302e-02
2.770830727384681058e-01
2.813612229908113438e-02
8.794193317880882876e-01
7.730625852693043809e-01
7.792694301022694559e-01
7.299668589280008391e-01
5.723512769121280597e-01
3.695765823578298637e-01
5.571134549531371327e-01
2.543676886100320056e-01
9.959808397565339533e-02
3.188390977205277643e-01
6.271988089855015103e-01
7.715190606732053036e-01
8.355809952952574227e-01
5.973807174982568302e-01
1.408683820129874587e-01
3.852739864970462502e-01
8.971680328020714690e-02
9.886523488490568390e-01
9.819503840084364832e-02
2.937448883810234168e-02
4.498122471382384191e-01
1.158682175505675316e-01
7.461548686271897157e-01
2.509300325830398082e-01
3.992722263912639180e-01
7.056939149850838255e-03
3.568481974183906891e-01
7.392563851919795592e-01
6.602486350972239793e-01
1.013959604943898141e-01
4.868669126635123412e-01
2.588051189055755597e-01
8.657431062076976769e-01
2.241159182181233778e-01
5.227671975175389729e-01
9.781155770759775159e-01
4.275576039567152709e-02
3.067315887431477650e-01
7.285907697310276543e-01
6.129682498656124912e-01
8.419837281997429868e-01
9.788859151888898991e-01
5.335417648437381644e-01
9.871772217405666572e-01
2.086978945347830461e-01
7.378990250136664431e-01
6.669974145654566922e-01
1.801852624378198486e-01
8.781523129762697222e-01
2.761784269093358057e-01
7.575280173638981873e-01
8.152356215277400953e-01
3.743970957314030068e-01
1.205133844176865532e-01
7.867024769829141784e-01
5.176330825369999111e-01
4.445002247650450267e-01
1.801782126008744100e-02
2.771285713268205608e-01
2.488659498829011163e-01
9.991876623347083486e-01
5.855130929448801869e-01
8.148411200403140597e-01
4.312654858481850262e-01
6.009583435182108690e-01
1.821603801039241022e-01
2.554596039751678704e-01
2.262407861156113809e-01
8.338275735429312441e-01
9.941361745250014703e-01
5.991882902619749540e-02
6.545385356594756177e-01
8.430771973880112347e-01
2.073744665973047407e-01
5.711877278128061342e-01
9.236186716848718836e-01
1.001004483590959282e-01
7.881795331781507041e-01
9.659301375396730505e-01
6.769367936647470163e-01
4.040003370401897831e-01
7.365054850066100611e-01
2.023093294680358145e-01
6.673111529931852193e-02
4.843266053688966011e-02
3.972537950029917386e-01
1.383455753572766511e-01
5.872998770380656319e-01
9.576424104566818585e-01
6.076481418145238678e-01
1.006435751389199718e-01
1.244496333553104517e-01
9.629491129445071351e-01
9.708271219485443693e-01
5.561836724522961628e-01
9.058366946732389069e-01
7.264424496093169203e-02
3.630618975221998612e-01
6.031575272825231426e-01
7.958489938987167722e-02
6.334235666364929074e-02
9.207851026751994183e-01
1.393187529359823928e-01
6.429396475626768526e-01
5.306172069365071575e-01
1.810175256085888584e-02
4.043900521296565076e-01
8.105524960959387126e-01
6.204458243780074378e-01
8.594204933530196211e-01
2.946257928646139890e-01
6.639572317313965355e-01
7.001521292436707622e-01
2.280012851651680439e-01
2.144046412591682493e-02
1.921908757420353053e-01
3.997799105012223020e-02
5.521235924657610372e-01
3.679582106583082490e-01
2.261282686768300021e-01
9.511675222725348711e-01
1.112052446185417542e-01
3.326331045454336000e-01
1.630663862177917922e-01
7.558561390859241946e-02
1.221476840729097679e-01
5.860614557750210007e-01
8.398537034126238865e-01
5.134931633708716969e-01
6.256378544805236697e-01
8.505917384167923645e-01
6.837010078797256529e-01
6.430571783709703171e-01
7.496016702326306902e-01
9.505295137393274807e-01
6.205665892483868129e-01
1.643748984293891269e-01
7.410346231189729460e-01
1.920956031651354090e-01
4.981215593273736753e-01
3.306814166835078117e-01
4.012366034787159252e-01
8.036913605425102247e-01
8.000882159749884703e-01
6.843513274373757005e-01
7.321877843919117890e-01
3.808533944377987535e-01
1.345155601260371592e-01
9.038356678771375385e-01
5.605366271740137574e-01
4.433324570923323771e-01
5.194242403207744996e-01
6.015890099357052989e-01
5.514941648124447315e-01
3.685028681795741168e-01
2.845592272145234247e-01
6.963113656433292942e-01
9.365061456172093513e-01
6.708604915588038953e-01
7.350099224337119930e-01
9.236855161767270062e-01
9.574676294992852110e-01
3.270073931676510393e-01
7.364225596158898712e-01
2.233319095966462831e-01
6.101735423324784469e-01
6.203675671975332762e-01
7.820740048600733907e-01
2.382585838895354691e-01
3.248496377726365347e-01
1.654953973131843004e-01
8.012071494628181245e-02
2.514206510706384901e-02
6.281516936150698394e-01
2.212298751643568817e-01
3.633833075147259173e-01
1.120469143702992332e-01
1.273768402446232573e-01
3.815608275565182117e-01
7.092048136537663083e-01
9.453539219088900047e-01
3.922382703867374198e-01
4.427671013978075054e-01
8.115053117979534880e-01
1.234743962515318927e-01
6.733392083187239585e-03
2.863815676588579162e-01
4.109263707853759717e-01
7.704639351869264630e-01
7.258626303617013997e-01
9.791338279646705223e-01
1.180724182250287857e-01
8.772186661301036859e-01
1.555007844469634692e-01
8.611252629185978114e-01
9.414238272266675089e-01
9.810752490851293306e-02
1.328503747574385496e-01
1.475055715862464423e-01
5.806637554768183662e-01
5.923740316217498414e-01
8.222803089408033950e-01
9.963572152477684352e-01
6.205746420559616894e-01
7.854372565405557394e-01
8.270715175795723129e-01
6.942532265629262067e-01
4.115085843892750672e-01
7.628142790708991594e-01
1.663857581412152564e-01
2.559530914369680943e-01
1.382865673435663689e-01
1.480022560335076953e-01
6.558484973127554074e-01
3.851969172067812863e-01
9.624138962700000688e-01
3.202193456814002026e-01
6.231905184208915705e-01
1.659033573551559337e-01
7.420330130954471137e-01
9.851856065547194286e-01
7.078801382370200068e-01
1.705053744375576441e-01
9.454952344567886247e-01
6.474094344777450161e-01
4.695142636643092615e-01
3.583986082756747127e-01
6.019763377570828133e-01
8.032537905762950903e-01
6.019885378375858798e-01
6.471159215132563647e-01
1.376240166623787786e-02
1.797638801478173010e-01
7.197680540301378826e-01
6.077758320980636286e-01
3.095972326578282363e-01
2.685457091342184910e-01
4.240580089498048322e-01
2.742914412368500088e-01
8.694300224572788505e-01
9.191109777711168327e-01
1.945302164259886668e-01
6.172809660535550913e-01
7.285819067735060939e-01
7.342967464322173177e-01
5.928229582585753388e-01
4.940144300594750959e-02
8.460788766803440941e-01
2.365969781095887958e-01
6.515075609031071302e-01
9.854376349528107815e-01
3.252654558467831247e-01
2.677783891293235019e-01
6.542847272452420038e-01
2.418128909350311107e-01
5.202860264263000634e-01
1.983563401032661933e-01
6.842191195809298465e-01
3.298325455807943341e-01
4.846441460774582044e-01
3.509828991987490321e-01
5.430870720410905239e-01
3.305894896243075642e-01
1.914077180549372814e-01
9.320935395427861758e-01
4.215844461636142348e-03
4.280204850344981882e-02
1.929057018801827450e-01
3.432857232486256072e-01
5.628103028374511485e-01
9.993726528155770783e-01
3.647162823316604241e-01
2.938331088256513901e-01
4.056304577097088471e-01
3.767232315358320927e-01
8.348376226636462505e-01
6.482343140188432384e-01
9.806943240486200031e-01
3.089375246407040088e-01
8.173817140321715247e-02
1.656514611306736384e-02
5.811142927458943230e-01
7.700097537461516595e-01
3.128815364002675015e-01
7.942571703686561735e-01
7.902840274862333869e-01
3.326472777772024880e-01
7.102603152527326991e-01
3.879921314560075274e-02
5.995535057211021090e-01
2.780985660853996233e-01
7.335633724727490534e-01
6.482163609031683649e-01
1.213566588885082176e-01
8.924923707324570188e-01
7.947122516206609477e-01
8.919799112479737113e-01
3.674485264343503310e-01
1.625929867984671207e-01
3.556937929153165534e-01
5.211493055937823637e-01
2.014262694869901615e-01
7.387232543504750337e-01
7.304948072574672935e-01
6.733941819872097945e-01
3.310233395646922094e-01
9.538431730883514259e-01
3.795355773487030238e-02
6.855600559037551278e-01
1.561481368942586601e-01
6.766524056137586118e-01
7.246740749660409708e-01
2.390477441190471675e-01
7.804647064057131933e-01
2.429884220539413331e-01
8.175693977111452293e-01
9.299861920553570416e-01
4.051711469724696979e-01
2.237910644917437963e-01
6.812636360596341367e-01
9.803523022725146863e-01
8.341662657542969761e-02
7.565549630932532077e-01
9.924844246750342824e-01
5.753508137783144294e-01
7.259749388984483298e-01
7.571150953936985895e-01
7.428087982083528829e-01
8.569961934385335045e-01
4.226334695751745585e-01
7.304491167853167655e-01
4.561350081177936167e-01
1.292844890796914781e-01
1.674265583072813701e-01
1.428370950627931846e-01
4.333949001418050395e-01
5.275821626364951555e-01
2.410150490534360701e-01
8.034119911701196326e-01
5.729231886705749011e-01
1.274191442673936470e-01
1.189024175884495493e-01
7.216257483777274162e-01
3.650492252315592490e-01
5.634116245453572036e-01
9.367237154140541922e-01
7.977430666417816285e-01
5.217968732004185650e-01
8.597018921472010522e-02
9.525996518582149353e-01
7.732053411749704175e-01
1.542903647182900517e-01
9.578204367788932805e-01
8.920740352206435464e-02
6.302947885972828290e-01
2.850271946897811048e-01
7.711134789656218791e-01
9.373938031722771624e-01
3.278475827048101809e-01
8.095546923266734307e-01
9.983032577664179286e-01
8.666388056364481285e-01
9.084934337036720819e-01
6.071349346730406937e-01
2.000007832446639711e-01
3.178294025259178479e-01
7.204058595243001406e-01
5.353419093799132167e-01
3.786005688132713098e-01
3.514004822245233584e-01
8.914763739906096385e-01
3.500551244166589804e-01
7.125380466323493200e-01
7.513795870350796768e-01
5.161561593883102761e-01
7.873826032049634494e-01
4.324645759664084155e-01
5.749098740117735140e-01
7.493455332563369042e-01
4.536158409877090181e-01
2.855033277901773969e-01
9.404726907899770838e-01
7.704649358755122357e-02
9.341661513864766286e-01
2.568436689117939986e-01
8.653196862920337074e-01
8.902228510886180946e-01
7.231106556446504907e-01
2.331655444738591765e-01
3.942617912053477669e-01
3.792031609833116379e-01
8.349757357874971753e-01
3.207270135217304974e-01
2.335787843408764219e-01
9.402733485629171106e-01
8.281369539681278091e-01
6.747265253571225196e-01
8.171576681507209949e-01
7.454432332862253041e-01
3.550719467631863191e-01
9.040415900969753782e-01
3.031234548553328745e-01
4.114405948136004021e-01
1.038704458031395328e-01
8.607466832647996391e-01
6.874085459065447656e-01
6.202188307361851116e-01
7.921167905262849196e-01
8.983440522570801390e-01
1.207407460292927448e-01
2.679337337281317843e-02
2.996695720007419572e-01
8.778332186027216766e-01
3.308902264687396677e-02
5.842522297251451224e-02
2.970755793104782327e-01
8.332431253666859883e-01
4.206440373109887609e-02
4.283697593599024023e-01
1.286176936746247224e-01
3.257179578607617421e-01
6.118254555946724960e-01
7.756526863379020753e-02
8.763635725099206963e-01
7.056284887345116719e-01
2.433436313601040624e-01
9.418844782900808177e-01
7.869008994058770412e-01
3.605454778001306870e-01
4.661118452482737595e-03
6.886644976862836831e-01
8.052726560885671292e-01
5.046662540614631487e-01
6.648456122488788367e-01
8.041800315648826025e-01
3.268028887636839075e-01
1.939412087452121458e-01
5.696454507586686811e-01
9.166128471468470984e-01
9.368797197878457883e-01
2.144371262929761768e-01
1.123514801741412050e-01
4.813212742963997037e-01
6.270642096553513678e-01
9.274294975232763028e-01
6.417593314631400148e-01
1.059762005526400097e-01
3.803194213665351819e-01
5.977926426504615032e-01
6.345033922004076343e-01
3.982998916355786623e-01
7.888594982122677512e-01
3.690904924170923529e-01
9.656051446073832256e-02
8.965577863793086077e-01
9.064728929294100235e-01
9.870339248735193749e-01
1.707995883652975166e-01
1.826666607700178080e-02
6.371124614847144541e-01
5.795270076793554992e-01
9.492414541495006741e-01
3.377837369694540737e-01
1.979317946401359940e-01
2.324704535844444031e-01
1.518056788244281918e-01
9.091807735058313744e-01
4.570972298758265717e-01
7.651601164432079161e-01
2.732952988419339313e-01
3.680047963006783940e-01
1.080724409312705525e-01
7.462553340547642966e-01
4.697475410065296009e-01
7.052471390431244158e-01
8.831322930029354978e-01
8.083849492723821362e-01
5.633459735989806427e-01
8.585218923508971534e-01
1.015637413687765500e-01
7.203260044505793713e-01
7.094085333242139413e-01
5.368746756647003737e-01
8.275730930098460503e-01
9.368712808538416370e-01
5.337693819606277312e-01
6.201622302525539032e-01
8.106192015310933474e-01
4.614525257886893383e-01
9.684682322361074513e-01
3.278938178536693338e-01
8.823542263178770773e-01
4.569572134111801187e-01
1.454304714025874690e-01
8.693399667815026044e-01
4.174194210119044346e-01
9.346801357755497586e-01
3.641708602864469624e-01
4.856975502854868898e-01
1.630774728772509397e-01
6.740574706113828807e-01
2.834510388382331936e-01
6.291102819798302104e-01
9.385960467440770394e-01
7.524093764803972961e-01
4.441495918071167726e-01
1.603702636124993974e-01
4.220394373648450603e-01
2.978218727651456010e-01
5.132971667799162141e-01
3.605362442315303007e-01
3.733775115275015377e-01
1.845156645138609219e-01
3.173599020532608117e-01
3.081014757125536407e-01
9.243693501691921943e-01
6.726786730383302881e-01
6.809889196932972233e-02
2.868284026108486318e-01
9.473359869736630579e-03
8.353796814337246524e-01
9.888690576246080832e-01
6.393885762486224422e-01
8.823793235322874295e-02
3.816251814188137415e-01
2.226133651332955488e-01
4.885894877224720156e-01
9.341882374069798711e-02
6.086459358708034006e-01
2.638702615795240902e-01
1.189503466457532133e-01
1.756915036841977251e-01
5.193865665257583197e-01
5.858391893299108588e-02
5.164497300534022228e-01
6.646698553314804858e-01
4.401120496507215929e-01
7.495345420135268721e-01
7.635084274355533607e-01
3.158728758964126637e-01
3.058609333559429988e-01
1.515724213088841532e-01
4.105716562005927717e-01
9.338958916108618391e-01
4.967535082748856246e-01
3.432090364247414316e-01
8.500854952138291454e-01
3.092333746619955193e-01
3.936080961670277434e-01
2.066268388752272589e-01
5.686769443577801564e-01
6.988262114766601307e-01
7.166585378229816117e-01
6.226787384482468379e-02
8.207774967591006110e-01
7.455375729041670008e-01
3.823374035753711597e-01
7.679013357977265697e-01
5.707699715970920851e-01
8.375473924911669421e-02
6.237710847813987547e-01
8.530872227352597204e-01
4.212932578639597692e-01
9.101081371824204513e-02
8.748771794314176287e-01
4.987959658125292739e-01
9.201763400626901124e-01
6.936577984753242720e-01
5.125971590205391504e-01
5.305004829156786395e-01
2.708869201053103470e-01
3.464124981326915931e-01
4.006684237977420349e-01
6.227372479307601294e-01
3.177194945070006549e-01
9.469571188481472612e-01
1.646778719628479992e-01
5.259340538874857085e-02
1.217225707905172927e-01
7.698827145725720689e-01
3.685817376052041849e-01
7.034650789923124758e-01
5.617934067484633420e-01
7.890557672514554310e-01
2.050960708059301751e-02
9.853644137494248501e-01
1.366244576780109021e-01
9.019884636001788136e-01
9.397121913625245959e-01
6.362647088494758352e-01
3.986652258855255537e-01
5.229644388407750366e-02
6.743704455827004285e-01
1.450874891747866435e-01
9.152434786117046306e-01
6.928839332972864806e-01
4.732151366540928716e-01
6.297639749980278312e-01
4.988598043038106056e-02
8.614651902170924469e-01
9.813497247479734398e-01
3.385161755194006084e-01
2.418596455110789689e-01
2.535320888502869963e-01
1.073447559163213105e-01
3.440568766997207373e-01
7.889148104709081677e-01
8.013052776568309055e-01
1.521890990749530381e-01
9.808386580498734686e-01
8.150480347328066255e-01
9.376479667600811085e-01
2.086872728672373167e-01
9.891872332601118201e-01
6.495813293822252366e-01
9.695284103697270339e-01
4.553933079920816640e-01
7.951278839451838554e-01
6.738638638262378633e-01
2.306412526632706239e-02
6.587653879478545527e-01
1.497119631918156779e-01
7.734745739986867985e-01
1.317633459605935808e-01
7.920629866804915764e-01
9.872445396580387111e-04
9.817329453321114174e-01
3.974895187642041305e-01
3.577811845366618559e-01
4.705696564514193492e-01
9.212603784534082463e-01
8.445885880569867776e-01
1.761532316395669762e-01
1.121843070039064694e-01
8.865470537762308867e-01
8.580834882623059601e-01
7.541520897132463208e-01
3.814333143026921169e-01
2.095023805540263684e-02
5.328609316067067780e-01
1.183403202972532764e-01
4.005652317223745706e-01
2.709271006921825098e-01
6.227427882158355077e-01
2.621806871985215004e-01
5.821472354038390584e-01
3.384233916353984739e-01
3.758201527029819689e-01
1.527086134109819637e-01
4.259890952035558787e-01
9.095752301738176948e-01
9.912698438486280406e-01
7.534134046709261012e-01
2.514821615944058397e-01
1.954708906895005205e-01
8.692292548604313440e-01
3.544474166576614405e-01
8.704951564911577178e-01
7.294304541426578359e-01
7.609945825018307186e-01
6.181283429044631683e-01
1.497449709068860990e-01
8.075355713512113454e-01
4.984931048947647270e-01
8.164310217717463125e-01
5.663784543392975657e-01
9.361804171338050651e-02
3.521321501277335786e-01
7.411303896072363173e-03
4.888573373084862395e-01
2.020892299887808718e-01
6.586860110699465087e-01
2.302249970341175844e-01
4.699033403117925944e-01
5.998330888981919795e-01
8.778560891847198011e-01
5.109710479895184232e-01
6.619129372240961651e-02
4.020611376983193042e-01
5.637497447750170476e-01
8.494588127003568356e-01
8.519705216380579760e-01
8.568483936833758419e-01
2.202125305734857763e-01
6.019922733233838974e-01
2.992944664119384646e-01
2.111683550837734069e-01
4.578181615344071309e-01
6.798663206679915749e-01
6.996871797042832908e-01
1.167778877511083113e-02
5.596151175324615146e-01
4.232120059986843597e-02
7.236587678083439279e-01
8.950130797928317339e-01
7.550123576998826191e-01
1.477010764744334237e-01
1.565526323099301065e-01
1.339442448811066777e-01
1.222415770768883192e-01
7.117943980714931396e-01
3.357267863423266663e-01
8.746932886378122607e-02
8.569783039051350748e-01
3.035697470619280747e-01
8.451557396214453011e-01
6.375159872083623336e-01
3.811536284327976531e-02
1.485665161316463978e-01
7.015095920403674468e-01
7.020240612757553400e-01
1.477491272832978098e-01
2.748424465871028843e-01
8.658528639324372111e-01
4.825468603431373182e-01
2.616609180224196418e-01
8.453615979192841134e-01
7.389399621351459002e-01
6.913347129619815679e-01
5.228726776032212031e-01
4.321944566149797939e-01
6.980273958049134642e-01
1.683126234940250932e-01
5.342024408816453684e-01
2.680303747081821397e-01
2.688503535747789330e-01
8.491590419573513682e-01
3.148097983086817209e-01
9.951390314255215142e-02
7.543619435337800549e-01
2.082507567633692380e-01
4.494813452607427928e-01
8.275762693295852790e-01
6.527332371603268291e-01
2.069924234434539212e-02
2.848487646313550004e-01
1.497089724555734636e-01
9.525403253143531757e-01
4.515980320568809825e-01
5.304550920929580471e-01
1.866698443040287758e-01
9.081902285725015345e-01
1.433757993125894803e-02
1.855799584965648341e-01
9.882036946450650783e-01
2.766967841621804647e-01
9.461753343097870639e-01
3.871060084305928406e-01
4.109791143801888591e-02
5.080246546734815682e-01
8.439155963185207554e-01
5.072597929008317852e-01
1.898471168054566283e-01
9.725614380053784203e-01
9.194364761464768332e-01
2.527849926453300533e-01
9.127580298503998879e-01
2.360554576105937663e-01
5.903709009243662820e-02
4.485250666297269095e-02
6.246596083102363695e-01
8.513231586479459434e-01
4.993750888107536534e-01
2.179158661710838274e-01
5.088485585219947316e-01
3.811926390413684640e-01
9.417540986362145095e-01
4.198620345732122505e-01
2.162449704527960037e-01
7.868192290730627869e-01
7.557672828778118079e-01
9.870638554159512079e-01
4.898312656013973365e-01
5.822883993034599914e-02
6.142951907330189698e-01
4.635831817247720865e-01
2.540370090580257312e-01
4.336466340873266212e-01
3.375595290592917630e-01
7.445865858357307854e-01
1.621426792249089921e-01
8.607423406877656724e-01
7.964354135929957446e-01
8.717881890128358346e-01
3.098318831137342189e-01
4.190582837707741426e-01
3.756559877442166018e-01
3.498997451163265993e-02
8.929739696461538312e-01
